130125
130126
130129
130131
130321
130425
130434
130522
130529
130530
130531
130532
130533
130623
130624
130627
130630
130631
130633
130634
130636
130708
130709
130721
130722
130723
130724
130725
130726
130727
130728
130732
130821
130824
130825
130826
130828
130881
130924
130925
130927
131122
131123
131124
131128
140123
140221
140222
140223
140224
140225
140425
140427
140429
140623
140722
140723
140829
140922
140923
140924
140925
140926
140927
140928
140929
140930
140931
140932
141028
141030
141031
141032
141034
141123
141124
141126
141127
141128
141129
150125
150421
150422
150423
150424
150426
150428
150429
150430
150521
150522
150524
150525
150722
150723
150921
150922
150923
150924
150926
150927
150928
150929
152202
152221
152222
152223
152224
152524
152527
152529
220622
220821
220822
220882
222405
222406
222424
222426
230129
230221
230224
230225
230227
230230
230231
230422
230524
230606
230623
230822
230826
230828
230881
230883
231221
231222
231223
231225
231283
320707
340422
340825
340826
340827
340828
340882
341203
341221
341225
341226
341321
341322
341323
341324
341503
341522
341523
341524
341623
341722
360321
360424
360703
360704
360724
360726
360730
360731
360732
360733
360734
360735
360781
360821
360827
360828
360830
360881
361025
361030
361125
361127
361128
410225
410324
410325
410326
410327
410328
410423
410526
410727
410926
410927
411224
411321
411324
411325
411326
411327
411330
411421
411422
411423
411424
411425
411522
411523
411524
411525
411526
411527
411603
411623
411624
411625
411627
411722
411723
411725
411729
420222
420304
420322
420323
420324
420325
420381
420527
420528
420529
420626
420921
420922
421121
421122
421123
421124
421126
421181
422801
422802
422822
422823
422825
422826
422827
422828
429021
430224
430225
430522
430523
430524
430525
430527
430528
430529
430581
430626
430726
430821
430822
430923
431022
431026
431027
431028
431128
431129
431221
431222
431223
431224
431225
431226
431227
431228
431229
431230
431322
431382
433122
433123
433124
433125
433126
433127
433130
450123
450124
450125
450224
450225
450226
450328
450329
451003
451022
451024
451026
451027
451028
451029
451030
451031
451081
451121
451123
451223
451224
451225
451226
451227
451228
451229
451321
451324
451422
451423
451424
451425
469001
469024
469025
469029
469030
500101
500114
500154
500156
500229
500230
500235
500236
500237
500238
500240
500241
500242
500243
510524
510525
510726
510727
510811
510812
510821
510822
510823
510824
511129
511133
511304
511321
511324
511381
511529
511602
511722
511781
511902
511921
511922
511923
513201
513221
513222
513223
513224
513225
513226
513227
513228
513230
513231
513232
513233
513301
513322
513323
513324
513325
513326
513327
513328
513329
513330
513331
513332
513333
513334
513335
513336
513337
513338
513422
513423
513428
513429
513430
513431
513432
513434
513435
513436
513437
520203
520221
520281
520322
520324
520325
520326
520327
520328
520330
520381
520402
520403
520422
520423
520424
520425
520502
520521
520522
520524
520525
520526
520527
520602
520621
520622
520623
520624
520625
520626
520627
520628
522302
522323
522324
522325
522326
522327
522328
522622
522623
522624
522625
522626
522627
522628
522629
522630
522631
522632
522633
522634
522635
522636
522722
522723
522725
522726
522727
522728
522729
522730
522731
522732
530113
530128
530129
530323
530324
530325
530326
530381
530502
530521
530523
530524
530602
530621
530622
530623
530624
530625
530626
530627
530628
530629
530721
530722
530724
530821
530822
530823
530824
530825
530826
530827
530828
530829
530902
530921
530922
530923
530924
530925
530926
530927
532322
532323
532324
532325
532326
532327
532329
532523
532525
532527
532528
532529
532530
532531
532601
532622
532623
532624
532625
532626
532627
532628
532822
532823
532922
532923
532924
532925
532926
532927
532928
532929
532930
532931
532932
533103
533122
533123
533124
533301
533323
533324
533325
533401
533422
533423
540102
540103
540104
540121
540122
540123
540124
540127
540202
540221
540222
540223
540224
540225
540226
540227
540228
540229
540230
540231
540232
540233
540234
540235
540236
540237
540302
540321
540322
540323
540324
540325
540326
540327
540328
540329
540330
540402
540421
540422
540423
540424
540425
540426
540502
540521
540522
540523
540524
540525
540526
540527
540528
540529
540530
540531
540621
540622
540623
540624
540625
540626
540627
540628
540629
540630
542521
542522
542523
542524
542525
542526
542527
610124
610203
610204
610222
610324
610327
610328
610329
610331
610426
610428
610429
610430
610524
610525
610526
610527
610528
610621
610622
610630
610703
610722
610723
610724
610725
610726
610727
610728
610729
610730
610803
610825
610826
610827
610828
610829
610830
610831
610902
610921
610922
610923
610924
610925
610926
610927
610928
610929
611002
611021
611022
611023
611024
611025
611026
620102
620121
620122
620123
620421
620422
620423
620503
620521
620522
620523
620524
620525
620622
620623
620802
620821
620822
620825
620826
621021
621022
621023
621024
621025
621027
621102
621121
621122
621123
621124
621125
621126
621202
621221
621222
621223
621224
621225
621226
621227
621228
622901
622921
622922
622923
622924
622925
622926
623001
623021
623022
623023
623024
623025
623026
623027
630106
630121
630123
630202
630203
630222
630223
630224
630225
632221
632222
632223
632224
632321
632322
632323
632324
632521
632522
632523
632524
632525
632621
632622
632623
632624
632625
632626
632701
632722
632723
632724
632725
632726
632801
632802
632803
632821
632822
632823
640323
640324
640402
640422
640423
640424
640425
640522
650521
652927
652929
653001
653022
653023
653024
653101
653121
653122
653123
653124
653125
653126
653127
653128
653129
653130
653131
653201
653221
653222
653223
653224
653225
653226
653227
654022
654028
654224
654325
654326
